0. 0. 0. 0. 0. 0. 0. 0. 0. 0. 0. 0. 0.
0.5 0.004999999999999818 3.9751511835012486e-21 -9.790260100911845e-23 4.024575939404089e-19 -3.2396155185346683e-19 1.1118742392506737e-21 0.009627643762915935 0.003012425153908599 0.0030524667337718373 2.2156596269273552e-05 -0.0002627436408305222 -0.00019034598594925355
1.0 0.009999999999998704 -1.7501373841774593e-20 -6.145299556529636e-22 -2.4019528703545916e-18 2.270418418344063e-18 -9.652457484252914e-21 0.015989920121486062 0.005868946764620001 0.005928268721464893 2.9919416101178005e-05 -0.00043153739465970234 -0.0003047190816943046
1.5 0.015000000000001006 2.1330797015292877e-20 -3.398728415188613e-22 3.1847691475758025e-18 -1.5301275359736338e-18 8.258303996253613e-21 0.02112800487393642 0.008411779087366709 0.008502148766073199 4.238451428674019e-05 -0.0005673221265950555 -0.00041393246519794114
2.0 0.020000000000000278 -2.2554117087422622e-20 -2.010012669566748e-22 -1.218746308006153e-18 -4.0164567300692645e-18 -1.217974353084852e-20 0.02433467652554071 0.010523133647076705 0.010624343567616965 4.971679467351667e-05 -0.0006565478045932513 -0.0004819708363879137
2.5 0.024999999999999797 1.534243674571199e-20 -3.7638472537965573e-22 6.654498304415876e-19 -9.8396351735104e-19 -3.0538714412547423e-20 0.026630476444227568 0.01222951872108841 0.012335649105810236 5.4156552112492234e-05 -0.0007063681719066403 -0.0005226093210203286
3.0 0.03000000000000039 -2.301921834730798e-20 -4.430133362539364e-22 -2.610433719417927e-18 4.173024558794275e-18 2.5855953763967154e-20 0.0283288767445817 0.013605493139465743 0.01371330889277132 5.7009138053721445e-05 -0.0007352322516094431 -0.0005475959037789142
3.5 0.034999999999996395 -6.858182469804003e-20 -7.727729064793801e-22 -2.863331238016774e-18 -5.8956692194568736e-18 4.994070934924117e-20 0.02961767037223702 0.01471080970623304 0.014818752584985303 5.913474784921241e-05 -0.0007523572664668489 -0.0005636324798370993
4.0 0.03999999999999585 3.812272905871298e-20 2.1646118682359773e-21 5.0740872861222146e-18 2.6887204781379836e-18 -4.0525067869347075e-20 0.032013639857824246 0.016140246567103833 0.01620990921071088 -8.250858571539436e-06 -0.0008501092709034853 -0.0004012420937887345
4.5 0.04500000000000048 2.697338658431476e-20 5.2385258054124725e-21 -9.191413003267992e-18 -3.564518840891476e-18 -2.4220764211712695e-20 0.03324420285567507 0.017034829986397104 0.017111832013238733 -6.880854223841894e-06 -0.0009289545722779883 -0.0004483367219144937
5.0 0.049999999999999434 -1.7443493954192009e-19 4.536843247142704e-21 8.750891696040417e-18 7.006753805561482e-18 1.5001104544273033e-21 0.034123780806907214 0.01770005865041722 0.017783223514662626 -3.510097793824968e-06 -0.0009753135694061484 -0.00048213930808749874
5.5 0.0549999999999964 7.766676313616797e-20 -1.1209371432130655e-21 -1.0982971576668028e-17 5.6560879046599e-19 5.926748789387325e-20 0.03476916821975519 0.018212074428509105 0.01829881270144076 -1.3561954207001461e-06 -0.0010033026317202523 -0.0005037282093612835
6.0 0.05999999999999885 1.2478326711443335e-20 6.182331976412885e-21 -1.401134842770182e-18 -1.0550153756399058e-17 3.764114958036677e-20 0.03525284257211527 0.018611338338690015 0.018699984978138462 3.469662418015001e-10 -0.001020591640335203 -0.0005176343013160928
6.5 0.06499999999999027 -2.928958597851862e-20 3.070790721041763e-21 -1.3093362033211815e-17 -7.731357052145736e-18 3.1577945990807235e-21 0.03562102435240887 0.018924899837339738 0.01901448337687471 9.18310748761173e-07 -0.0010314463508084367 -0.0005267641454082269
7.0 0.06999999999999679 1.3216074979840364e-20 1.0844996216411932e-21 -1.329450667066153e-17 3.370390225911737e-17 -1.3518394865453522e-20 0.035904500146439006 0.01917228363050082 0.01926224378336365 1.5890984815686095e-06 -0.0010383403611536465 -0.0005328688112749269
